79.62 -1 82.75 -1 78 -1 Rise -1 -2
82.75 -1 78 -1 74.54 -1 Down -1 -2
78 -1 74.54 -1 72.89 -1 Down -1 -2
74.54 -1 72.89 -1 71.19 -1 Rise -1 -2
72.89 -1 71.19 -1 74.13 -1 Rise -1 -2
71.19 -1 74.13 -1 79.81 -1 Rise -1 -2
74.13 -1 79.81 -1 79.66 -1 Rise -1 -2
79.81 -1 79.66 -1 81.5 -1 Rise -1 -2
79.66 -1 81.5 -1 81.24 -1 Down -1 -2
81.5 -1 81.24 -1 80.68 -1 Rise -1 -2
81.24 -1 80.68 -1 80 -1 Rise -1 -2
80.68 -1 80 -1 82.46 -1 Rise -1 -2
80 -1 82.46 -1 84.92 -1 Rise -1 -2
82.46 -1 84.92 -1 83.24 -1 Down -1 -2
84.92 -1 83.24 -1 85.12 -1 Down -1 -2
83.24 -1 85.12 -1 86.15 -1 Down -1 -2
85.12 -1 86.15 -1 75.11 -1 Down -1 -2
86.15 -1 75.11 -1 71.61 -1 Down -1 -2
75.11 -1 71.61 -1 70.04 -1 Rise -1 -2
71.61 -1 70.04 -1 73.97 -1 Rise -1 -2
70.04 -1 73.97 -1 71.51 -1 Down -1 -2
73.97 -1 71.51 -1 73.78 -1 Rise -1 -2
71.51 -1 73.78 -1 77.18 -1 Rise -1 -2
73.78 -1 77.18 -1 78.86 -1 Down -1 -2
77.18 -1 78.86 -1 72.14 -1 Rise -1 -2
78.86 -1 72.14 -1 76.09 -1 Down -1 -2
72.14 -1 76.09 -1 76.01 -1 Rise -1 -2
76.09 -1 76.01 -1 78.98 -1 Rise -1 -2
76.01 -1 78.98 -1 78.95 -1 Rise -1 -2
78.98 -1 78.95 -1 80.7 -1 Down -1 -2
78.95 -1 80.7 -1 75.39 -1 Rise -1 -2
80.7 -1 75.39 -1 73.46 -1 Rise -1 -2
75.39 -1 73.46 -1 75.17 -1 Rise -1 -2
73.46 -1 75.17 -1 74.6 -1 Rise -1 -2
75.17 -1 74.6 -1 76.45 -1 Rise -1 -2
74.6 -1 76.45 -1 73.66 -1 Rise -1 -2
76.45 -1 73.66 -1 76.49 -1 Rise -1 -2
73.66 -1 76.49 -1 81.58 -1 Rise -1 -2
76.49 -1 81.58 -1 82.66 -1 Rise -1 -2
81.58 -1 82.66 -1 81.25 -1 Down -1 -2
82.66 -1 81.25 -1 81.69 -1 Down -1 -2
81.25 -1 81.69 -1 81.43 -1 Rise -1 -2
81.69 -1 81.43 -1 86.85 -1 Rise -1 -2
81.43 -1 86.85 -1 84.88 -1 Down -1 -2
86.85 -1 84.88 -1 81.51 -1 Down -1 -2
84.88 -1 81.51 -1 83.76 -1 Rise -1 -2
81.51 -1 83.76 -1 89.19 -1 Rise -1 -2
83.76 -1 89.19 -1 87.79 -1 Rise -1 -2
89.19 -1 87.79 -1 88.02 -1 Rise -1 -2
87.79 -1 88.02 -1 89.7 -1 Rise -1 -2
88.02 -1 89.7 -1 91.38 -1 Rise -1 -2
89.7 -1 91.38 -1 88.03 -1 Rise -1 -2
91.38 -1 88.03 -1 91.54 -1 Rise -1 -2
88.03 -1 91.54 -1 89.11 -1 Rise -1 -2
91.54 -1 89.11 -1 89.34 -1 Rise -1 -2
89.11 -1 89.34 -1 89.03 -1 Rise -1 -2
89.34 -1 89.03 -1 85.58 -1 Rise -1 -2
89.03 -1 85.58 -1 86.2 -1 Down -1 -2
85.58 -1 86.2 -1 97.88 -1 Down -1 -2
86.2 -1 97.88 -1 104.42 -1 Down -1 -2
97.88 -1 104.42 -1 101.16 -1 Down -1 -2
104.42 -1 101.16 -1 101.07 -1 Rise -1 -2
101.16 -1 101.07 -1 105.4 -1 Down -1 -2
101.07 -1 105.4 -1 107.94 -1 Rise -1 -2
105.4 -1 107.94 -1 112.79 -1 Down -1 -2
107.94 -1 112.79 -1 109.66 -1 Down -1 -2
112.79 -1 109.66 -1 111.795 -1 Down -1 -2
109.66 -1 111.795 -1 113.93 -1 Down -1 -2
111.795 -1 113.93 -1 97.18 -1 Rise -1 -2
113.93 -1 97.18 -1 99.65 -1 Rise -1 -2
97.18 -1 99.65 -1 99.49 -1 Rise -1 -2
99.65 -1 99.49 -1 100.59 -1 Rise -1 -2
99.49 -1 100.59 -1 100.22 -1 Down -1 -2
100.59 -1 100.22 -1 99.29 -1 Down -1 -2
100.22 -1 99.29 -1 93.01 -1 Down -1 -2
99.29 -1 93.01 -1 91.16 -1 Down -1 -2
93.01 -1 91.16 -1 94.94 -1 Rise -1 -2
91.16 -1 94.94 -1 96.2 -1 Down -1 -2
94.94 -1 96.2 -1 97.24 -1 Rise -1 -2
96.2 -1 97.24 -1 99.87 -1 Rise -1 -2
97.24 -1 99.87 -1 95.7 -1 Down -1 -2
99.87 -1 95.7 -1 86.88 -1 Rise -1 -2
95.7 -1 86.88 -1 85.38 -1 Down -1 -2
86.88 -1 85.38 -1 82.26 -1 Rise -1 -2
85.38 -1 82.26 -1 85.37 -1 Rise -1 -2
82.26 -1 85.37 -1 86.45 -1 Down -1 -2
85.37 -1 86.45 -1 87.24 -1 Down -1 -2
86.45 -1 87.24 -1 87.96 -1 Down -1 -2
87.24 -1 87.96 -1 79.85 -1 Down -1 -2
87.96 -1 79.85 -1 79.2 -1 Rise -1 -2
79.85 -1 79.2 -1 82.98 -1 Rise -1 -2
79.2 -1 82.98 -1 86.8 -1 Down -1 -2
82.98 -1 86.8 -1 87.4 -1 Rise -1 -2
86.8 -1 87.4 -1 93.32 -1 Down -1 -2
87.4 -1 93.32 -1 94.26 -1 Down -1 -2
93.32 -1 94.26 -1 98.99 -1 Rise -1 -2
94.26 -1 98.99 -1 97.41 -1 Down -1 -2
98.99 -1 97.41 -1 96.77 -1 Rise -1 -2
97.41 -1 96.77 -1 100.96 -1 Rise -1 -2
96.77 -1 100.96 -1 99.41 -1 Down -1 -2
100.96 -1 99.41 -1 93.53 -1 Rise -1 -2
99.41 -1 93.53 -1 99.68 -1 Down -1 -2
93.53 -1 99.68 -1 98.83 -1 Down -1 -2
99.68 -1 98.83 -1 101.56 -1 Rise -1 -2
98.83 -1 101.56 -1 98.7 -1 Rise -1 -2
101.56 -1 98.7 -1 98.46 -1 Rise -1 -2
98.7 -1 98.46 -1 99.56 -1 Down -1 -2
98.46 -1 99.56 -1 97.84 -1 Down -1 -2
99.56 -1 97.84 -1 98.67 -1 Down -1 -2
97.84 -1 98.67 -1 103.24 -1 Rise -1 -2
98.67 -1 103.24 -1 109.77 -1 Rise -1 -2
103.24 -1 109.77 -1 106.7 -1 Down -1 -2
109.77 -1 106.7 -1 107.4 -1 Rise -1 -2
106.7 -1 107.4 -1 107.06 -1 Down -1 -2
107.4 -1 107.06 -1 106.87 -1 Rise -1 -2
107.06 -1 106.87 -1 103.02 -1 Down -1 -2
106.87 -1 103.02 -1 103.31 -1 Down -1 -2
103.02 -1 103.31 -1 102.83 -1 Down -1 -2
103.31 -1 102.83 -1 103.05 -1 Rise -1 -2
102.83 -1 103.05 -1 104.93 -1 Down -1 -2
103.05 -1 104.93 -1 98.49 -1 Down -1 -2
104.93 -1 98.49 -1 96.13 -1 Down -1 -2
98.49 -1 96.13 -1 91.48 -1 Down -1 -2
96.13 -1 91.48 -1 90.86 -1 Down -1 -2
91.48 -1 90.86 -1 83.23 -1 Down -1 -2
90.86 -1 83.23 -1 84.1 -1 Rise -1 -2
83.23 -1 84.1 -1 84.03 -1 Down -1 -2
84.1 -1 84.03 -1 79.76 -1 Down -1 -2
84.03 -1 79.76 -1 84.96 -1 Rise -1 -2
79.76 -1 84.96 -1 84.45 -1 Down -1 -2
84.96 -1 84.45 -1 87.1 -1 Rise -1 -2
84.45 -1 87.1 -1 91.44 -1 Down -1 -2
87.1 -1 91.44 -1 90.13 -1 Down -1 -2
91.44 -1 90.13 -1 91.4 -1 Down -1 -2
90.13 -1 91.4 -1 92.87 -1 Down -1 -2
91.4 -1 92.87 -1 96.01 -1 Rise -1 -2
92.87 -1 96.01 -1 96.15 -1 Rise -1 -2
96.01 -1 96.15 -1 96.47 -1 Rise -1 -2
96.15 -1 96.47 -1 96.42 -1 Rise -1 -2
96.47 -1 96.42 -1 99 -1 Rise -1 -2
96.42 -1 99 -1 92.89 -1 Down -1 -2
99 -1 92.89 -1 92.19 -1 Rise -1 -2
92.89 -1 92.19 -1 89.88 -1 Down -1 -2
92.19 -1 89.88 -1 91.86 -1 Down -1 -2
89.88 -1 91.86 -1 90.05 -1 Down -1 -2
91.86 -1 90.05 -1 86.28 -1 Down -1 -2
90.05 -1 86.28 -1 84.86 -1 Down -1 -2
86.28 -1 84.86 -1 86.07 -1 Rise -1 -2
84.86 -1 86.07 -1 86.67 -1 Rise -1 -2
86.07 -1 86.67 -1 88.28 -1 Down -1 -2
86.67 -1 88.28 -1 88.91 -1 Rise -1 -2
88.28 -1 88.91 -1 85.93 -1 Rise -1 -2
88.91 -1 85.93 -1 86.73 -1 Rise -1 -2
85.93 -1 86.73 -1 88.66 -1 Rise -1 -2
86.73 -1 88.66 -1 90.8 -1 Rise -1 -2
88.66 -1 90.8 -1 93.09 -1 Rise -1 -2
90.8 -1 93.09 -1 93.56 -1 Down -1 -2
93.09 -1 93.56 -1 95.56 -1 Rise -1 -2
93.56 -1 95.56 -1 95.88 -1 Rise -1 -2
95.56 -1 95.88 -1 97.77 -1 Rise -1 -2
95.88 -1 97.77 -1 95.72 -1 Down -1 -2
97.77 -1 95.72 -1 95.86 -1 Down -1 -2
95.72 -1 95.86 -1 93.13 -1 Down -1 -2
95.86 -1 93.13 -1 90.68 -1 Down -1 -2
93.13 -1 90.68 -1 91.95 -1 Down -1 -2
90.68 -1 91.95 -1 93.45 -1 Rise -1 -2
91.95 -1 93.45 -1 93.71 -1 Down -1 -2
93.45 -1 93.71 -1 93.205 -1 Down -1 -2
93.71 -1 93.205 -1 92.7 -1 Down -1 -2
93.205 -1 92.7 -1 91.29 -1 Down -1 -2
92.7 -1 91.29 -1 88.01 -1 Rise -1 -2
91.29 -1 88.01 -1 93 -1 Rise -1 -2
88.01 -1 93 -1 95.61 -1 Rise -1 -2
93 -1 95.61 -1 96.04 -1 Down -1 -2
95.61 -1 96.04 -1 96.02 -1 Rise -1 -2
96.04 -1 96.02 -1 94.15 -1 Down -1 -2
96.02 -1 94.15 -1 91.97 -1 Down -1 -2
94.15 -1 91.97 -1 96.03 -1 Down -1 -2
91.97 -1 96.03 -1 97.85 -1 Down -1 -2
96.03 -1 97.85 -1 93.69 -1 Down -1 -2
97.85 -1 93.69 -1 96.56 -1 Rise -1 -2
93.69 -1 96.56 -1 103.22 -1 Down -1 -2
96.56 -1 103.22 -1 105.95 -1 Rise -1 -2
103.22 -1 105.95 -1 108.05 -1 Rise -1 -2
105.95 -1 108.05 -1 104.7 -1 Down -1 -2
108.05 -1 104.7 -1 106.94 -1 Rise -1 -2
104.7 -1 106.94 -1 105.97 -1 Rise -1 -2
106.94 -1 105.97 -1 107.46 -1 Rise -1 -2
105.97 -1 107.46 -1 106.42 -1 Rise -1 -2
107.46 -1 106.42 -1 107.65 -1 Rise -1 -2
106.42 -1 107.65 -1 110.53 -1 Down -1 -2
107.65 -1 110.53 -1 108.21 -1 Rise -1 -2
110.53 -1 108.21 -1 104.67 -1 Down -1 -2
108.21 -1 104.67 -1 102.87 -1 Down -1 -2
104.67 -1 102.87 -1 103.84 -1 Rise -1 -2
102.87 -1 103.84 -1 102.02 -1 Rise -1 -2
103.84 -1 102.02 -1 100.81 -1 Down -1 -2
102.02 -1 100.81 -1 97.85 -1 Down -1 -2
100.81 -1 97.85 -1 94.61 -1 Rise -1 -2
97.85 -1 94.61 -1 94.6 -1 Rise -1 -2
94.61 -1 94.6 -1 93.84 -1 Down -1 -2
94.6 -1 93.84 -1 94.84 -1 Down -1 -2
93.84 -1 94.84 -1 92.72 -1 Rise -1 -2
94.84 -1 92.72 -1 97.65 -1 Rise -1 -2
92.72 -1 97.65 -1 96.6 -1 Down -1 -2
97.65 -1 96.6 -1 99.32 -1 Down -1 -2
96.6 -1 99.32 -1 100.32 -1 Down -1 -2
99.32 -1 100.32 -1 93.96 -1 Down -1 -2
100.32 -1 93.96 -1 92.72 -1 Down -1 -2
93.96 -1 92.72 -1 94.37 -1 Down -1 -2
92.72 -1 94.37 -1 96.64 -1 Down -1 -2
94.37 -1 96.64 -1 97.49 -1 Down -1 -2
96.64 -1 97.49 -1 99.88 -1 Rise -1 -2
97.49 -1 99.88 -1 100.3 -1 Down -1 -2
99.88 -1 100.3 -1 102.2 -1 Down -1 -2
100.3 -1 102.2 -1 102.59 -1 Rise -1 -2
102.2 -1 102.59 -1 102.58 -1 Rise -1 -2
102.59 -1 102.58 -1 98.89 -1 Down -1 -2
102.58 -1 98.89 -1 99.46 -1 Rise -1 -2
98.89 -1 99.46 -1 101.67 -1 Down -1 -2
99.46 -1 101.67 -1 101.14 -1 Down -1 -2
101.67 -1 101.14 -1 103.74 -1 Down -1 -2
101.14 -1 103.74 -1 102.17 -1 Down -1 -2
103.74 -1 102.17 -1 100.6 -1 Rise -1 -2
102.17 -1 100.6 -1 99.76 -1 Down -1 -2
100.6 -1 99.76 -1 99.99 -1 Rise -1 -2
99.76 -1 99.99 -1 102.02 -1 Rise -1 -2
99.99 -1 102.02 -1 104.35 -1 Down -1 -2
102.02 -1 104.35 -1 102.71 -1 Down -1 -2
104.35 -1 102.71 -1 102.66 -1 Rise -1 -2
102.71 -1 102.66 -1 106.91 -1 Rise -1 -2
102.66 -1 106.91 -1 106.83 -1 Rise -1 -2
106.91 -1 106.83 -1 105.74 -1 Down -1 -2
106.83 -1 105.74 -1 103.285 -1 Down -1 -2
105.74 -1 103.285 -1 100.83 -1 Rise -1 -2
103.285 -1 100.83 -1 103.13 -1 Down -1 -2
100.83 -1 103.13 -1 102.09 -1 Rise -1 -2
103.13 -1 102.09 -1 97.88 -1 -2
102.09 -1 97.88 -1 -2
97.88 -1 -2
